1.163000000000000000e+03
4.370000000000000000e+02
4.620000000000000000e+02
7.870000000000000000e+02
4.410000000000000000e+02
5.500000000000000000e+02
6.770000000000000000e+02
7.820000000000000000e+02
4.180000000000000000e+02
1.830000000000000000e+02
1.372000000000000000e+03
3.590000000000000000e+02
3.300000000000000000e+01
7.850000000000000000e+02
1.244000000000000000e+03
3.600000000000000000e+02
6.650000000000000000e+02
2.100000000000000000e+01
1.079000000000000000e+03
3.910000000000000000e+02
1.399000000000000000e+03
6.970000000000000000e+02
3.390000000000000000e+02
3.230000000000000000e+02
4.840000000000000000e+02
5.630000000000000000e+02
1.304000000000000000e+03
1.480000000000000000e+02
1.262000000000000000e+03
4.000000000000000000e+00
5.060000000000000000e+02
5.000000000000000000e+01
8.180000000000000000e+02
5.210000000000000000e+02
4.310000000000000000e+02
3.540000000000000000e+02
1.310000000000000000e+02
7.840000000000000000e+02
1.486000000000000000e+03
4.450000000000000000e+02
1.374000000000000000e+03
3.480000000000000000e+02
1.055000000000000000e+03
3.880000000000000000e+02
3.600000000000000000e+01
2.890000000000000000e+02
1.217000000000000000e+03
3.040000000000000000e+02
3.030000000000000000e+02
8.320000000000000000e+02
5.470000000000000000e+02
8.510000000000000000e+02
6.090000000000000000e+02
2.950000000000000000e+02
3.500000000000000000e+01
1.630000000000000000e+02
8.280000000000000000e+02
8.150000000000000000e+02
1.364000000000000000e+03
3.700000000000000000e+01
1.194000000000000000e+03
4.100000000000000000e+01
1.537000000000000000e+03
8.700000000000000000e+01
4.680000000000000000e+02
6.370000000000000000e+02
8.850000000000000000e+02
7.300000000000000000e+02
1.379000000000000000e+03
4.300000000000000000e+01
4.860000000000000000e+02
3.780000000000000000e+02
1.269000000000000000e+03
7.990000000000000000e+02
1.435000000000000000e+03
4.460000000000000000e+02
1.460000000000000000e+03
5.010000000000000000e+02
1.001000000000000000e+03
5.450000000000000000e+02
4.090000000000000000e+02
6.250000000000000000e+02
1.208000000000000000e+03
3.570000000000000000e+02
1.114000000000000000e+03
6.620000000000000000e+02
6.270000000000000000e+02
5.170000000000000000e+02
9.460000000000000000e+02
3.900000000000000000e+02
9.780000000000000000e+02
2.460000000000000000e+02
2.350000000000000000e+02
7.430000000000000000e+02
4.420000000000000000e+02
3.530000000000000000e+02
1.493000000000000000e+03
5.400000000000000000e+02
1.495000000000000000e+03
1.580000000000000000e+02
8.000000000000000000e+00
5.550000000000000000e+02
8.500000000000000000e+01
7.000000000000000000e+02
1.230000000000000000e+03
2.770000000000000000e+02
4.240000000000000000e+02
2.900000000000000000e+02
9.240000000000000000e+02
6.890000000000000000e+02
1.223000000000000000e+03
2.150000000000000000e+02
1.230000000000000000e+02
5.360000000000000000e+02
1.349000000000000000e+03
5.950000000000000000e+02
8.710000000000000000e+02
1.840000000000000000e+02
7.610000000000000000e+02
8.470000000000000000e+02
8.150000000000000000e+02
8.050000000000000000e+02
1.173000000000000000e+03
8.120000000000000000e+02
1.351000000000000000e+03
5.700000000000000000e+02
1.087000000000000000e+03
1.400000000000000000e+01
1.406000000000000000e+03
8.000000000000000000e+00
2.680000000000000000e+02
5.000000000000000000e+01
1.193000000000000000e+03
7.290000000000000000e+02
1.430000000000000000e+02
3.820000000000000000e+02
5.100000000000000000e+02
2.700000000000000000e+01
3.770000000000000000e+02
7.570000000000000000e+02
1.190000000000000000e+02
4.500000000000000000e+02
5.590000000000000000e+02
6.600000000000000000e+02
1.343000000000000000e+03
2.840000000000000000e+02
1.231000000000000000e+03
2.080000000000000000e+02
1.080000000000000000e+02
5.920000000000000000e+02
2.000000000000000000e+02
1.630000000000000000e+02
4.100000000000000000e+02
3.510000000000000000e+02
9.820000000000000000e+02
8.500000000000000000e+02
1.045000000000000000e+03
7.600000000000000000e+02
9.380000000000000000e+02
4.470000000000000000e+02
1.920000000000000000e+02
5.780000000000000000e+02
1.521000000000000000e+03
2.840000000000000000e+02
2.640000000000000000e+02
2.980000000000000000e+02
8.820000000000000000e+02
5.670000000000000000e+02
1.320000000000000000e+03
8.040000000000000000e+02
5.220000000000000000e+02
2.510000000000000000e+02
8.700000000000000000e+02
7.110000000000000000e+02
2.890000000000000000e+02
1.000000000000000000e+00
1.426000000000000000e+03
4.000000000000000000e+01
1.085000000000000000e+03
6.950000000000000000e+02
1.057000000000000000e+03
1.380000000000000000e+02
1.172000000000000000e+03
8.450000000000000000e+02
4.170000000000000000e+02
8.700000000000000000e+01
1.310000000000000000e+03
4.490000000000000000e+02
1.490000000000000000e+02
3.400000000000000000e+01
9.190000000000000000e+02
5.590000000000000000e+02
1.530000000000000000e+02
3.080000000000000000e+02
7.990000000000000000e+02
6.430000000000000000e+02
1.970000000000000000e+02
6.460000000000000000e+02
7.240000000000000000e+02
1.330000000000000000e+02
6.188170415034932148e+02
4.353299854713705486e+02
1.902982864131373617e+02
8.309002783260369824e+02
1.519890692846655327e+02
5.911110275846209561e+02
3.089414528941126719e+02
8.201891510473831204e+02
7.191227465658583640e+01
4.032424099219090863e+01
7.739057701048707258e+02
3.240932858560009322e+02
-5.225317777286042542e+01
8.419339294732106964e+02
6.873139343155825145e+02
3.276014089248263303e+02
2.620038893721989552e+02
-3.171074145452059270e+02
5.702985698486569390e+02
3.745615209561910888e+02
7.125036842111975375e+02
7.217386531151705640e+02
4.174648475917511092e+01
2.860340629963698689e+02
1.808770614847856280e+02
6.050229225703267275e+02
7.887783882667629314e+02
-3.106326676837177558e+01
8.060793527401034453e+02
-3.510379957398212696e+02
1.192062514073975166e+02
-2.474643854294268976e+02
3.901643415256204435e+02
5.479241075870191935e+02
1.160247288782988875e+02
3.322525481104578944e+02
3.528439269040240411e+00
8.380845658442931381e+02
8.235414925039433456e+02
4.394044182053035001e+02
7.783235127566405254e+02
3.080427609040585253e+02
5.545100570109195814e+02
3.707839344116678149e+02
-2.029384295754856282e+02
2.352137697683270119e+02
6.810659925214703208e+02
2.435830420831799472e+02
1.075249058479099773e+02
8.745844177711442171e+02
2.415551319939353903e+02
8.831013224698764361e+02
2.398078598258458385e+02
2.373329622605918985e+02
-2.623676491283856080e+02
2.156802270857799186e+00
3.910693833956358958e+02
8.445321238662529595e+02
8.807002256347271896e+02
-2.695965504064000697e+02
7.334872199530510670e+02
-2.619681639098880623e+02
9.995102026085874058e+02
-1.560300570760895198e+02
1.789757062245504073e+02
6.863649038272149028e+02
4.243234508019467057e+02
7.669265648426413691e+02
8.907365640781559932e+02
-2.554079795576125207e+02
1.593991125696181257e+02
3.667334444403921907e+02
6.260334052794962645e+02
8.181700823356586625e+02
7.910796872503993882e+02
4.416904213019498684e+02
7.919121884050388189e+02
5.096298103718182233e+02
5.030631457735014465e+02
5.717966605775507105e+02
1.416449344723642128e+02
6.752896694173050491e+02
6.634847928897294196e+02
3.238219065055939154e+02
5.583924807741007044e+02
6.948581408101492798e+02
2.682098926562931638e+02
5.475776533377541000e+02
4.803474899345050630e+02
3.755485995916252477e+02
5.170915462131015374e+02
1.511412899860584673e+02
5.578720867574453735e+01
7.976104918048591799e+02
1.238725541801333918e+02
3.305614727681709155e+02
8.015602317610466798e+02
5.546878820033538204e+02
9.326598688490307723e+02
-1.202520418342258246e+01
-1.279225199507907149e+02
6.078541198816718634e+02
-4.110090043930509296e+01
7.608697382216766982e+02
6.965735280008419750e+02
2.002984681000660601e+02
9.918444205783819712e+01
2.316265521149154267e+02
4.479957059108697877e+02
7.266605674641534733e+02
7.068449037640310735e+02
9.477143665719245291e+01
-5.744614033606335823e+01
5.825283314139493314e+02
7.041489765920191530e+02
6.192137298423289167e+02
4.399884430049453385e+02
3.994538804297815915e+01
3.552272218820292551e+02
8.734097216606669463e+02
3.842279320329107577e+02
8.363181849358659292e+02
5.740607399854703772e+02
8.320417149539460979e+02
7.103697869917463095e+02
5.918147827974296433e+02
6.472802476799377018e+02
-3.286792956871829574e+02
9.304395564996083294e+02
-3.389203369412198299e+02
-1.030649568358364689e+02
-2.498486851112088232e+02
5.945591825584849630e+02
7.575160332207422016e+02
-8.761182466843597183e+01
3.789131065036528980e+02
1.179417768398808875e+02
-3.041053094581524192e+02
1.392921315486790377e+02
8.063896976297495485e+02
-8.414655774836344904e+01
4.742437771156925805e+02
2.355634420894983805e+02
7.076376838728045868e+02
7.752577156547023378e+02
2.102801505073732642e+02
7.146991125337784752e+02
8.217589685148290357e+01
-5.279685483935738688e+01
6.474143630563212355e+02
-1.188213884998436072e+02
1.600888571878003486e+00
1.001561961514795485e+02
3.280880724251730953e+02
4.711018747041966890e+02
8.693829321489444055e+02
5.106933126131555127e+02
7.900229984867162329e+02
4.707247958388487064e+02
4.529406956141739897e+02
-2.401266192091505491e+00
6.295120222728104409e+02
9.002461360165668793e+02
2.081734271663617619e+02
-2.168533591018549700e+01
2.469625278923101632e+02
4.286479299485171168e+02
5.997280174834415902e+02
6.519988051407981402e+02
8.210414032837338709e+02
1.682421722623426206e+02
1.644254193777125295e+02
4.165231501342811953e+02
7.493891475962248023e+02
-1.036189520007118432e+02
-3.749643603353594585e+02
9.318169345367895176e+02
-2.619210119885452741e+02
5.385442926440582596e+02
7.281590108790458089e+02
5.947464962499120702e+02
-5.072039180242651923e+01
5.699713332195360636e+02
8.597487030088191204e+02
4.709950580816163779e+01
-1.614011450948619597e+02
7.110247975978348904e+02
4.480268518788109304e+02
-2.248585897467132781e+02
-2.910936366958804342e+02
4.517076465091046202e+02
5.897795150640723705e+02
-1.042060164090831762e+02
2.648670117121147314e+02
3.769475587307271667e+02
6.837931914727579397e+02
1.515710602136795870e+01
7.031377299714304172e+02
3.207588055743401014e+02
-6.080307397695627714e+01
