6.860000000000000000e+02
7.620000000000000000e+02
8.480000000000000000e+02
4.970000000000000000e+02
5.470000000000000000e+02
1.310000000000000000e+02
1.154000000000000000e+03
1.050000000000000000e+02
3.010000000000000000e+02
8.190000000000000000e+02
1.429000000000000000e+03
5.230000000000000000e+02
1.185000000000000000e+03
2.200000000000000000e+01
1.210000000000000000e+03
4.420000000000000000e+02
1.330000000000000000e+03
7.150000000000000000e+02
1.059000000000000000e+03
3.550000000000000000e+02
6.910000000000000000e+02
8.060000000000000000e+02
1.300000000000000000e+01
3.790000000000000000e+02
1.820000000000000000e+02
6.190000000000000000e+02
3.500000000000000000e+02
6.200000000000000000e+01
1.472000000000000000e+03
6.640000000000000000e+02
1.044000000000000000e+03
2.090000000000000000e+02
8.850000000000000000e+02
1.720000000000000000e+02
5.240000000000000000e+02
8.450000000000000000e+02
1.154000000000000000e+03
5.020000000000000000e+02
3.090000000000000000e+02
1.980000000000000000e+02
1.410000000000000000e+02
7.080000000000000000e+02
3.410000000000000000e+02
7.820000000000000000e+02
1.277000000000000000e+03
4.770000000000000000e+02
9.540000000000000000e+02
5.870000000000000000e+02
2.940000000000000000e+02
2.910000000000000000e+02
1.528000000000000000e+03
2.450000000000000000e+02
1.167000000000000000e+03
4.990000000000000000e+02
1.125000000000000000e+03
5.170000000000000000e+02
6.120000000000000000e+02
5.720000000000000000e+02
3.200000000000000000e+01
5.570000000000000000e+02
3.380000000000000000e+02
5.780000000000000000e+02
1.281000000000000000e+03
2.280000000000000000e+02
6.200000000000000000e+01
1.670000000000000000e+02
2.400000000000000000e+02
3.810000000000000000e+02
8.700000000000000000e+01
1.930000000000000000e+02
9.250000000000000000e+02
2.650000000000000000e+02
5.590000000000000000e+02
2.230000000000000000e+02
4.310000000000000000e+02
2.220000000000000000e+02
7.200000000000000000e+01
1.870000000000000000e+02
9.070000000000000000e+02
2.980000000000000000e+02
3.600000000000000000e+01
8.020000000000000000e+02
4.320000000000000000e+02
5.420000000000000000e+02
8.240000000000000000e+02
8.440000000000000000e+02
1.539000000000000000e+03
6.580000000000000000e+02
1.528000000000000000e+03
7.240000000000000000e+02
6.470000000000000000e+02
1.860000000000000000e+02
4.800000000000000000e+01
3.050000000000000000e+02
4.300000000000000000e+02
4.280000000000000000e+02
7.940000000000000000e+02
7.180000000000000000e+02
1.040000000000000000e+03
5.290000000000000000e+02
2.870000000000000000e+02
3.200000000000000000e+02
5.500000000000000000e+02
3.080000000000000000e+02
1.281000000000000000e+03
1.900000000000000000e+01
1.447000000000000000e+03
7.490000000000000000e+02
2.460000000000000000e+02
5.880000000000000000e+02
8.020000000000000000e+02
7.600000000000000000e+02
2.660000000000000000e+02
2.000000000000000000e+01
1.181000000000000000e+03
3.680000000000000000e+02
2.760000000000000000e+02
4.580000000000000000e+02
1.800000000000000000e+01
6.600000000000000000e+01
9.280000000000000000e+02
5.790000000000000000e+02
1.920000000000000000e+02
7.330000000000000000e+02
2.700000000000000000e+01
1.600000000000000000e+02
1.436000000000000000e+03
8.310000000000000000e+02
9.100000000000000000e+02
2.100000000000000000e+02
1.421000000000000000e+03
1.230000000000000000e+02
9.290000000000000000e+02
2.460000000000000000e+02
1.327000000000000000e+03
2.770000000000000000e+02
8.360000000000000000e+02
6.460000000000000000e+02
1.420000000000000000e+03
1.640000000000000000e+02
2.070000000000000000e+02
9.100000000000000000e+01
9.420000000000000000e+02
3.570000000000000000e+02
9.630000000000000000e+02
1.660000000000000000e+02
1.245000000000000000e+03
6.800000000000000000e+02
8.460000000000000000e+02
7.080000000000000000e+02
5.550000000000000000e+02
6.490000000000000000e+02
9.670000000000000000e+02
3.080000000000000000e+02
1.381000000000000000e+03
4.040000000000000000e+02
1.064000000000000000e+03
7.870000000000000000e+02
9.570000000000000000e+02
8.070000000000000000e+02
8.870000000000000000e+02
1.100000000000000000e+02
2.860000000000000000e+02
6.600000000000000000e+01
1.160000000000000000e+02
2.760000000000000000e+02
1.333000000000000000e+03
6.200000000000000000e+01
1.474000000000000000e+03
8.580000000000000000e+02
1.512000000000000000e+03
2.350000000000000000e+02
2.700000000000000000e+02
1.080000000000000000e+02
5.090000000000000000e+02
7.600000000000000000e+01
8.120000000000000000e+02
1.660000000000000000e+02
0.000000000000000000e+00
1.900000000000000000e+01
7.910000000000000000e+02
4.070000000000000000e+02
7.350000000000000000e+02
4.390000000000000000e+02
3.310000000000000000e+02
5.790000000000000000e+02
1.309000000000000000e+03
4.880000000000000000e+02
1.246000000000000000e+03
8.370000000000000000e+02
1.181000000000000000e+03
2.760000000000000000e+02
9.780000000000000000e+02
8.290000000000000000e+02
5.910000000000000000e+02
8.050000000000000000e+02
1.132000000000000000e+03
1.480000000000000000e+02
2.310000000000000000e+02
2.020000000000000000e+02
5.165597289504305536e+02
8.009388396170046462e+02
7.356001186171832842e+02
4.637095692988341398e+02
3.798380283173136718e+02
-1.121183216164134411e+00
1.162182915163741200e+03
-5.988669590087005901e+01
4.939186397494903957e+01
8.664588277696577734e+02
1.499367692343007775e+03
4.929812632092396143e+02
1.210298644749412688e+03
-1.731696901795860413e+02
1.210529336712193981e+03
3.876886576935775679e+02
1.348944433549041150e+03
7.472127156259438152e+02
1.017590502084954323e+03
2.755551736275285180e+02
5.202153243452911511e+02
8.563112406809219692e+02
-2.684450873829201782e+02
3.259713548680725808e+02
-8.166074718279494959e+01
6.199940926283069302e+02
1.423218182883202871e+02
-8.182305410050571481e+01
1.545728578016683969e+03
6.807956088079719166e+02
1.008552987661131738e+03
8.309300404496578096e+01
8.042057509055168794e+02
3.977982114430918159e+01
3.141154944690852631e+02
9.022245204646990260e+02
1.131600338661245814e+03
4.674416352805367865e+02
8.663030235316301741e+01
9.275187648555744602e+01
-1.328537357819259341e+02
7.288745880921967455e+02
9.826144584587231634e+01
8.215796445967947648e+02
1.297335512115139863e+03
4.331917631666179886e+02
8.650542653153511310e+02
5.792391578633772724e+02
6.448450312387259942e+01
2.106011327731537222e+02
1.661403820408477713e+03
1.155290002577202131e+02
1.149010724208845659e+03
4.633789195182143885e+02
1.092253136593423733e+03
4.873663708425489176e+02
4.359710838003755384e+02
5.608971027753475482e+02
-2.529306079647552679e+02
5.442279384469190973e+02
1.039639928883819522e+02
5.691591671215403494e+02
1.323165209669712112e+03
1.005748251716903781e+02
-2.039901861211043865e+02
6.171980539037157598e+01
-3.625438839226896359e+00
3.245829360134600847e+02
-1.758199530919124243e+02
9.340606978547052108e+01
8.495666688858653970e+02
1.606214550902895724e+02
3.896916973083352786e+02
1.168862916953555953e+02
2.328240951932577332e+02
1.194827549510213487e+02
-1.930894150863045979e+02
8.637964324678408445e+01
8.241216117116583746e+02
2.043258582196960447e+02
-2.570584062629201298e+02
8.419090080019783500e+02
2.182623666165832503e+02
5.238582406347359210e+02
6.834231057951570847e+02
9.064078950119430829e+02
1.638375346761072933e+03
6.730980882954208937e+02
1.617173023446276375e+03
7.609587835881787896e+02
5.011516828686811778e+02
6.635304357746487369e+01
-2.253612299768607556e+02
2.338335475338822107e+02
2.214347264625318701e+02
3.805946681862625383e+02
6.535845755935936268e+02
7.464279896350325316e+02
9.802241251477221340e+02
5.036554408273686931e+02
5.484071018697817834e+01
2.472401076375548143e+02
3.740041741548615164e+02
2.260344982802629659e+02
1.340557029287018622e+03
-1.821469557098265000e+02
1.504119711020412979e+03
7.932038831188289123e+02
-5.373373580555179885e+00
5.817450879238707557e+02
6.610334758006330276e+02
7.997839584755176929e+02
4.308348244840224339e+01
-1.317620756130240522e+02
1.177711615212483139e+03
2.901862276957655240e+02
3.567383358721587427e+01
4.201574724892913650e+02
-2.514615660081868214e+02
-6.301066838553146710e+01
8.322579426641123064e+02
5.689719712237903195e+02
-7.460893114942628301e+01
7.598356491060505959e+02
-2.444168417833409421e+02
5.414155192341759459e+01
1.482050621857312763e+03
9.010488593698909199e+02
8.339147113230058039e+02
8.887077197758068792e+01
1.523790742117640548e+03
-4.702180312995439238e+01
8.560300782877778829e+02
1.355684561694085346e+02
1.381480770297516983e+03
1.650620085568888271e+02
7.109174940545456138e+02
6.549651286468940725e+02
1.518748873649268717e+03
8.932592809234904507e+00
-3.040586443027830654e+01
-3.908331347040156345e+01
8.652584549643349874e+02
2.806345650618379750e+02
9.056715824978974752e+02
2.902532323168972539e+01
1.238298473723205689e+03
7.007029842811198250e+02
7.196230402745441097e+02
7.341326929440662070e+02
3.619607009311948786e+02
6.579419972458001666e+02
9.009848141985626171e+02
2.159101473828083328e+02
1.444177147406919175e+03
3.343483931986513085e+02
9.929212791909380940e+02
8.376880015379848601e+02
8.540365932427768030e+02
8.616989107016860316e+02
8.109311333485733257e+02
-4.196154146308132482e+01
6.501566029824093107e+01
-7.402497784033671735e+01
-1.451427703816091821e+02
1.961795427875025553e+02
1.407973568146000616e+03
-1.261994211762481797e+02
1.531287083903822804e+03
9.372974898407297815e+02
1.639997137061167678e+03
1.024022452792639513e+02
4.396358496355878742e+01
-1.998888791256208108e+01
3.358407250864161711e+02
-7.056036868601086098e+01
7.109189720372098691e+02
3.454432127928750162e+01
-2.706779481641520988e+02
-1.211588228940022276e+02
6.690258207992732196e+02
3.483544966824925950e+02
5.965138098865877510e+02
3.903823188431322819e+02
9.558921685082583508e+01
5.704192177901645664e+02
1.339473366992241154e+03
4.474417659820032895e+02
1.227240776603048062e+03
9.053063428030174009e+02
1.184894666394017577e+03
1.678985734322479288e+02
8.793736904634422444e+02
8.901310458193711384e+02
3.975544092422578046e+02
8.535521543167849359e+02
1.129506779666463444e+03
-1.346479146540475291e+00
-6.627565180672408296e+00
1.002385118140525435e+02
